<TICKER>,<DTYYYYMMDD>,<OPEN>,<HIGH>,<LOW>,<CLOSE>,<VOL>
1DIV,20130201,13,13.17,13,13.17,28500
BCHAY,20130201,23.21,23.68,23.21,23.68,10000
CHINA,20130201,6.06,6.1,6.05,6.09,656300
EBANK,20130201,5.64,5.74,5.64,5.74,1168700
ENGY,20130201,5.49,5.58,5.49,5.57,266400
GLD,20130201,2.26,2.27,2.25,2.26,1890900
GOLD99,20130201,24.34,24.43,24.34,24.43,300
KG965,20130201,23.51,23.53,23.45,23.45,231000
TDEX,20130201,9.94,10.04,9.94,10.04,6664200
TGOLDETF,20130201,4.94,4.96,4.94,4.95,4729600
2S,20130201,2.42,2.46,2.42,2.44,9200
A,20130201,4.3,4.32,4.3,4.3,54700
AAV,20130201,6.15,6.2,6.05,6.2,30160400
ACAP,20130201,7,7,6.9,6.9,107000
ACD,20130201,1.12,1.18,1.12,1.15,631600
ADAM,20130201,1.07,1.11,1.07,1.1,6732600
ADVANC,20130201,210,210,205,208,8108200
AEC,20130201,8,8,7.95,7.95,2700
AEONTS,20130201,92.25,94,92.25,93.5,281300
AF,20130201,15,15,14.5,14.5,10100
AGE,20130201,3.66,3.68,3.6,3.62,7446500
AH,20130201,25,25.5,24.9,25.5,1886600
AHC,20130201,22.6,22.8,22.4,22.5,12100
AI,20130201,7.7,7.75,7.55,7.55,2033800
AIM,20130201,0.33,0.35,0.31,0.34,76499700
AIT,20130201,67.5,68.25,67.5,68.25,260600
AJ,20130201,16.6,17.4,16.6,17.4,4771200
AKR,20130201,1.36,1.37,1.35,1.36,3380500
AMANAH,20130201,1.17,1.18,1.14,1.14,11093000
AMARIN,20130201,24.2,24.7,24.2,24.7,66200
AMATA,20130201,20.2,20.5,20.2,20.2,3978700
AMC,20130201,2.6,2.62,2.56,2.62,1254300
ANAN,20130201,4.16,4.2,4.12,4.14,26765000
AOT,20130201,105.5,106.5,105,106,4927900
AP,20130201,9.6,9.9,9.5,9.8,14681000
APCO,20130201,7.55,7.85,7.55,7.8,582400
APCS,20130201,5.15,5.2,5.1,5.15,494000
APURE,20130201,2.12,2.14,2.08,2.1,6931600
AQUA,20130201,0.82,0.87,0.82,0.82,4621700
ARIP,20130201,1.31,1.32,1.3,1.3,1439000
ARROW,20130201,8.45,8.5,8.4,8.4,501000
AS,20130201,15.1,15.2,15.1,15.2,175300
ASIA,20130201,90,90.75,90,90,5100
ASIAN,20130201,3.72,3.84,3.72,3.84,88300
ASIMAR,20130201,2.74,2.76,2.72,2.72,1574600
ASK,20130201,22.7,22.8,22.6,22.6,220500
ASP,20130201,3.18,3.24,3.16,3.22,24244500
AYUD,20130201,25,25,25,25,21400
BAFS,20130201,20.3,20.6,20.2,20.6,193200
BANPU,20130201,389,396,389,390,2582600
BAT-3K,20130201,73,74,73,73,10200
BAY,20130201,33.5,33.75,32.75,33.25,20376800
BBL,20130201,210,215,210,215,4903500
BCH,20130201,9.65,9.8,9.6,9.75,5334300
BCP,20130201,36.5,37.5,36.25,37.5,4829100
BEAUTY,20130201,23.4,23.8,23.2,23.8,1022500
BEC,20130201,71.75,76,71,76,3554800
BECL,20130201,41.5,42.25,41.5,42,2821100
BFIT,20130201,6.25,6.3,6.25,6.3,80500
BGH,20130201,132.5,134.5,132.5,133.5,2393300
BGT,20130201,1.34,1.36,1.32,1.32,1160200
BH,20130201,77.75,80,77.75,79,2471700
BIGC,20130201,215,218,214,218,428300
BJC,20130201,76.5,83.5,76.5,83,26845300
BKI,20130201,350,354,349,350,5600
BKKCP,20130201,9.95,9.95,9.95,9.95,151900
BLA,20130201,71,72,68.75,70.75,3999100
BLAND,20130201,1.7,1.8,1.7,1.78,445238500
BMCL,20130201,1.02,1.09,1.02,1.09,161372100
BOL,20130201,2.22,2.22,2.18,2.2,126300
BROCK,20130201,1.27,1.29,1.27,1.29,269000
BROOK,20130201,3.18,3.2,3.14,3.16,3616200
BSBM,20130201,1.33,1.35,1.32,1.32,1059000
BSM,20130201,2.24,2.24,2.2,2.22,349500
BTC,20130201,0.87,0.89,0.87,0.88,16228300
BTS,20130201,7.85,8,7.85,7.95,101713200
BUI,20130201,16.3,16.4,16,16.4,2700
BWG,20130201,2,2.06,2,2,53797800
CCET,20130201,3.6,3.62,3.56,3.62,16865500
CCP,20130201,6.3,6.5,6.2,6.4,5209400
CEI,20130201,3.66,3.74,3.66,3.74,46500
CEN,20130201,3.2,3.34,3.2,3.34,4669900
CENTEL,20130201,30.5,32.75,30.5,32,11206600
CFRESH,20130201,10.1,10.4,10.1,10.2,1016300
CGD,20130201,0.69,0.72,0.69,0.7,3760600
CGS,20130201,1.15,1.17,1.15,1.15,10414500
CHARAN,20130201,53,54,52.75,54,12600
CHOTI,20130201,376,377,374,375,21600
CHOW,20130201,1.83,1.86,1.83,1.83,1247500
CHUO,20130201,14.2,14.2,13.9,14.1,58500
CI,20130201,10.9,11.4,10.8,10.8,219000
CIG,20130201,1.01,1.04,1,1.03,3784100
CIMBT,20130201,2.6,2.72,2.6,2.64,29835300
CITY,20130201,3.3,3.34,3.3,3.34,480500
CK,20130201,20,20.7,19.9,20.5,70019800
CM,20130201,5.5,5.6,5.5,5.6,541800
CMO,20130201,3.24,3.4,3.24,3.38,16242000
CMR,20130201,74,74,74,74,7000
CNS,20130201,36.25,36.25,36,36.25,59700
CNT,20130201,11.6,11.9,11.6,11.7,1425900
COLOR,20130201,2.8,2.84,2.78,2.8,588900
CPALL,20130201,47.5,47.75,47,47.5,16927600
CPF,20130201,35.75,36,35.25,36,17224500
CPH,20130201,8,8.4,8,8.4,15500
CPI,20130201,3.98,4.02,3.96,4,576300
CPL,20130201,24.1,24.5,24,24.5,4000
CPN,20130201,85.5,86.25,84.75,85.5,1526600
CPNCG,20130201,14,14.2,14,14.2,616400
CPNRF,20130201,19.6,19.7,19.5,19.6,285700
CPR,20130201,3.14,3.16,3.12,3.12,30200
CRANE,20130201,5.4,5.45,5.3,5.35,139700
CSC,20130201,56,67,55.25,58.5,1145900
CSL,20130201,10,10.2,10,10.1,537500
CSP,20130201,2.18,2.18,2.14,2.14,125600
CTARAF,20130201,10.8,10.8,10.6,10.7,286200
CTW,20130201,12.5,13.9,12.5,13.4,17634500
CWT,20130201,4.12,4.14,4.08,4.1,2609500
CYBER,20130201,0.84,0.86,0.83,0.84,3237800
DCC,20130201,52.25,52.25,51.75,52.25,743100
DCON,20130201,8.05,8.1,8.05,8.1,219600
DELTA,20130201,35.5,36,35.5,35.75,935900
DEMCO,20130201,9,9.25,9,9.1,5201700
DIMET,20130201,1.53,1.53,1.49,1.52,403300
DNA,20130201,3.2,3.26,3.16,3.18,9709900
DRACO,20130201,3.62,3.64,3.5,3.58,17200
DRT,20130201,7.65,7.8,7.65,7.75,98900
DSGT,20130201,8.8,8.95,8.8,8.9,833400
DTAC,20130201,86.75,87.75,86.5,87.25,3729900
DTCPF,20130201,12.2,12.3,12.2,12.3,33200
E,20130201,1.41,1.41,1.39,1.39,8545300
EA,20130201,7.7,7.95,7.35,7.4,266915600
EARTH,20130201,8.35,8.45,8.3,8.35,33386400
EASON,20130201,3.22,3.28,3.22,3.26,619600
EASTW,20130201,13.3,13.5,13.2,13.3,348400
ECL,20130201,1.21,1.23,1.21,1.23,1216100
EE,20130201,1.21,1.23,1.2,1.2,20599800
EGCO,20130201,153,153,151.5,152.5,261400
EIC,20130201,1.63,1.63,1.57,1.57,13100
EMC,20130201,1.43,1.45,1.41,1.42,2286400
EPCO,20130201,2.78,2.9,2.78,2.9,8157500
ERW,20130201,4.82,4.98,4.8,4.86,29371200
ESSO,20130201,11.3,11.5,11.3,11.3,13404100
ESTAR,20130201,1.04,1.05,1.03,1.05,12239900
EVER,20130201,0.75,0.76,0.74,0.75,11455800
F&D,20130201,54.75,55,54.75,55,9200
FANCY,20130201,1.68,1.68,1.66,1.67,155500
FNS,20130201,2.72,2.76,2.7,2.72,265300
FOCUS,20130201,3.64,3.78,3.64,3.66,1677400
FORTH,20130201,4,4.06,3.98,4.02,1940300
FPI,20130201,12.4,12.5,11.8,12.1,9591900
FSS,20130201,2.88,2.92,2.86,2.88,2495500
FUTUREPF,20130201,18.5,18.7,18.5,18.7,198900
GBX,20130201,0.94,0.96,0.93,0.94,6474900
GC,20130201,4.84,4.84,4.8,4.84,65600
GEN,20130201,0.94,1.01,0.94,1.01,99814200
GENCO,20130201,1.16,1.19,1.13,1.13,104710300
GFM,20130201,14,14.2,13.9,13.9,4700
GFPT,20130201,8.4,8.45,8.35,8.4,1041200
GJS,20130201,0.1,0.12,0.1,0.11,1077418700
GL,20130201,73.75,74.5,73.75,74,13000
GLAND,20130201,3.7,3.8,3.7,3.78,123100
GLOBAL,20130201,23.9,24.4,23.9,24.4,3438400
GLOW,20130201,79,79.5,78.25,79.25,796400
GOLD,20130201,14.4,14.9,14.4,14.9,2032300
GOLDPF,20130201,7.8,8,7.8,7.85,610100
GRAMMY,20130201,17.6,18.1,17.6,18,445800
GRAND,20130201,1.53,1.6,1.53,1.58,6182600
GSTEL,20130201,0.4,0.42,0.39,0.4,425699300
GUNKUL,20130201,25.75,25.75,25.5,25.75,1026900
GYT,20130201,418,418,418,418,100
HANA,20130201,23.4,23.4,23.1,23.4,914000
HEMRAJ,20130201,3.64,3.72,3.64,3.68,14962800
HFT,20130201,2.86,2.92,2.84,2.86,1993200
HMPRO,20130201,13.8,14.1,13.8,13.8,9404000
HOTPOT,20130201,3.94,3.98,3.94,3.96,1337700
HTC,20130201,15.9,16.2,15.9,16.1,65800
HTECH,20130201,4.44,4.5,4.44,4.46,537500
HYDRO,20130201,18.4,18.6,18.1,18.6,729500
ICC,20130201,43,43,41.5,42.25,4100
IEC,20130201,0.06,0.06,0.05,0.06,1423894000
IFEC,20130201,2.94,2.98,2.92,2.96,1225600
IFS,20130201,3.02,3.18,3,3.18,3558000
IHL,20130201,9.15,9.25,9.15,9.15,175700
ILINK,20130201,17.7,18,17.6,18,218500
INET,20130201,2.68,2.72,2.66,2.66,3889200
INOX,20130201,1.84,1.85,1.83,1.84,31000
INTUCH,20130201,68.5,69,68.25,69,9402600
IRC,20130201,17.3,18.3,17.3,17.9,273200
IRCP,20130201,3.36,3.4,3.36,3.38,155800
IRPC,20130201,4.44,4.56,4.4,4.5,196823600
IT,20130201,5.5,5.6,5.5,5.55,661100
ITD,20130201,6.05,6.15,6,6.1,136525000
IVL,20130201,26.5,27,26.25,26.75,17400100
JAS,20130201,6.1,6.2,6.05,6.15,97661700
JCT,20130201,76,76,74.25,76,5400
JMART,20130201,14.8,15.4,14.8,15.2,2163000
JMT,20130201,13.6,13.9,13.6,13.9,568500
JTS,20130201,2.36,2.42,2.36,2.4,3003100
JUBILE,20130201,23.1,23.1,22.9,23,91300
JUTHA,20130201,3.88,3.88,3.8,3.82,106400
KAMART,20130201,7.4,7.4,7.3,7.4,2359700
KASET,20130201,3.34,3.34,3.32,3.32,20500
KBANK,20130201,198.5,205,198,205,8869100
KBS,20130201,11.1,11.4,11.1,11.2,3177200
KC,20130201,1.07,1.08,1.06,1.07,1818600
KCAR,20130201,16.7,16.7,16.4,16.6,632100
KCE,20130201,10.5,10.6,10.5,10.6,1483700
KDH,20130201,60,60,58.5,58.5,56800
KGI,20130201,2.76,2.86,2.76,2.82,32426400
KIAT,20130201,10.2,10.3,10.1,10.2,769500
KKC,20130201,5.1,5.1,5,5.1,570400
KKP,20130201,50.25,52,50,52,6129700
KMC,20130201,0.56,0.58,0.55,0.55,271893700
KSL,20130201,14.5,14.7,14.5,14.7,5224800
KTB,20130201,23.1,23.8,23,23.8,46172700
KTC,20130201,44.25,46.5,43.75,46.25,5084800
KTP,20130201,2.02,2.04,2,2,3931000
KYE,20130201,265,270,265,266,14000
L&E,20130201,15.3,15.3,15,15.1,7700
LALIN,20130201,3.26,3.28,3.24,3.28,344100
LANNA,20130201,23.7,23.8,23.6,23.7,314700
LEE,20130201,3.66,3.7,3.66,3.68,1292300
LH,20130201,11.1,11.5,11.1,11.4,34901200
LHBANK,20130201,1.51,1.52,1.5,1.51,17228100
LHK,20130201,4.04,4.1,3.96,3.96,8726000
LHPF,20130201,10.9,10.9,10.9,10.9,2000
LIVE,20130201,0.66,0.72,0.59,0.71,462159400
LOXLEY,20130201,6.05,6.15,6.05,6.1,45164100
LPN,20130201,21.7,21.9,21.5,21.5,2174200
LRH,20130201,34.75,35.5,33.5,34.25,132200
LST,20130201,4,4.02,3.98,4,681700
LTX,20130201,47.75,47.75,47.75,47.75,2200
LUXF,20130201,7.45,7.5,7.35,7.45,60000
LVT,20130201,1.33,1.37,1.33,1.36,20703600
M-CHAI,20130201,129,135,129,130,800
M-II,20130201,10,10,9.95,9.95,28000
M-STOR,20130201,12.5,13,12.5,13,16100
MACO,20130201,15.9,16.2,15.9,16.2,75400
MAJOR,20130201,20.2,20.2,19.9,20,7570400
MAKRO,20130201,450,456,442,456,191200
MALEE,20130201,142.5,146,140,143,840300
MANRIN,20130201,19.5,19.5,19,19,8000
MATCH,20130201,5,5,4.96,4.98,37400
MATI,20130201,6.8,6.85,6.8,6.8,47500
MAX,20130201,0.32,0.37,0.32,0.34,215122700
MBAX,20130201,4.7,4.74,4.66,4.66,268800
MBK,20130201,115,122,115,121.5,1508700
MBKET,20130201,16.9,17,16.8,16.9,352400
MCOT,20130201,46,48,46,48,719900
MCS,20130201,7.05,7.1,7,7.05,1912500
MDX,20130201,10,10.5,10,10.4,12898000
METCO,20130201,182.5,183,182,182,3200
MFC,20130201,22.6,22.7,22.5,22.6,6100
MFEC,20130201,6.2,6.35,6.15,6.2,5226100
MIDA,20130201,1.84,1.96,1.82,1.93,35338500
MILL,20130201,2.16,2.34,2.16,2.22,9657100
MINT,20130201,22.2,22.6,22.1,22.1,11362800
MJD,20130201,3.02,3.08,3.02,3.08,1677600
MJLF,20130201,14.9,14.9,14.8,14.8,200
MK,20130201,4.04,4.1,4.04,4.06,3738500
ML,20130201,1.29,1.33,1.29,1.31,10471400
MLINK,20130201,1.8,1.81,1.73,1.75,10685000
MNIT,20130201,8.8,8.8,8.75,8.8,7700
MNIT2,20130201,9.9,9.9,9.9,9.9,51600
MNRF,20130201,10.1,10.2,10.1,10.1,33100
MODERN,20130201,8.05,8.15,8.05,8.1,207100
MONTRI,20130201,9.6,9.7,9.6,9.7,20400
MOONG,20130201,4.96,5,4.96,5,88900
MPIC,20130201,1.8,1.81,1.79,1.8,327400
MSC,20130201,5.75,5.75,5.7,5.75,156300
MSPF,20130201,9.8,9.8,9.6,9.65,26100
MTI,20130201,83,83,80.75,82.5,2700
N-PARK,20130201,0.11,0.14,0.1,0.13,4891347700
NBC,20130201,5.1,5.15,5.05,5.05,108900
NCH,20130201,1.44,1.46,1.44,1.46,1626300
NEP,20130201,1.19,1.27,1.18,1.23,94700500
NEW,20130201,57,58.25,56.75,56.75,17700
NINE,20130201,8.75,9.4,8.75,9.4,234400
NIPPON,20130201,3.86,3.94,3.86,3.9,9190700
NKI,20130201,61,61,61,61,1900
NMG,20130201,2.38,2.4,2.36,2.38,39658700
NNCL,20130201,2.14,2.18,2.14,2.16,719800
NOBLE,20130201,7,7,6.8,6.95,2542700
NSI,20130201,49,49,49,49,100
NTV,20130201,25.75,26,25.75,25.75,150500
NUSA,20130201,1.23,1.25,1.21,1.24,52235400
NWR,20130201,2.58,2.64,2.56,2.56,38997200
OCC,20130201,18.9,18.9,18.8,18.8,500
OFM,20130201,72.5,73.75,72,73.75,196500
OGC,20130201,63.25,63.25,63.25,63.25,1038900
OISHI,20130201,172,174.5,172,174.5,53600
OSK,20130201,2.96,2.98,2.96,2.98,1100
P-FCB,20130201,14,14,14,14,12500
PAE,20130201,2.84,2.9,2.82,2.88,10634600
PAF,20130201,1.11,1.13,1.11,1.11,634800
PAP,20130201,3.5,3.5,3.48,3.48,501300
PATO,20130201,11.3,11.5,11.3,11.4,147800
PB,20130201,57.25,58,57.25,57.25,3000
PDI,20130201,14,14.2,13.9,14,995500
PE,20130201,1.26,1.28,1.26,1.27,15768300
PERM,20130201,1.15,1.18,1.15,1.17,1756900
PF,20130201,1.32,1.35,1.31,1.35,73223500
PFFUND,20130201,10.1,10.1,10.1,10.1,189400
PG,20130201,12.7,12.7,12.6,12.6,200
PHOL,20130201,4.48,4.5,4.42,4.42,407800
PICO,20130201,3.1,3.16,3.1,3.12,454000
PJW,20130201,5.65,5.8,5.4,5.5,17086500
PL,20130201,5.7,5.75,5.65,5.7,818200
PLE,20130201,2.62,2.64,2.56,2.56,19785900
PM,20130201,8.75,9.1,8.75,8.95,1869800
POPF,20130201,14.7,14.7,14.6,14.6,206500
POST,20130201,4.2,4.22,4.18,4.2,74500
PPM,20130201,4.4,4.4,4.38,4.38,65700
PPS,20130201,2.08,2.1,2.06,2.08,1992100
PR,20130201,60,60.5,60,60,12500
PRANDA,20130201,9.1,9.25,9.1,9.25,548800
PREB,20130201,9.35,9.6,9.35,9.5,535700
PRECHA,20130201,1.2,1.21,1.19,1.21,2228700
PRIN,20130201,2.22,2.28,2.22,2.26,8818600
PRINC,20130201,2.32,2.38,2.32,2.38,62100
PS,20130201,29.75,31,29.5,30.5,5670100
PSL,20130201,16.4,16.5,16.3,16.4,743900
PT,20130201,8.5,8.7,8.4,8.55,600800
PTL,20130201,14.7,14.9,14.6,14.8,1924600
PTT,20130201,346,355,345,354,10167800
PTTEP,20130201,167.5,169,167,168.5,10253500
PTTGC,20130201,79.75,80.75,79,80,15156900
PYLON,20130201,5.3,5.35,5.25,5.25,611300
Q-CON,20130201,15.9,16,15.7,15.8,21400
QH,20130201,3.1,3.22,3.1,3.2,195250700
QHHR,20130201,10.8,10.8,10.7,10.7,24800
QHOP,20130201,10.2,10.2,10.1,10.2,42300
QHPF,20130201,12,12.1,11.9,12.1,1190400
QLT,20130201,10.8,11,10.8,11,40800
QTC,20130201,5.95,6,5.9,5.95,558300
RASA,20130201,1.61,1.62,1.61,1.61,434100
RATCH,20130201,60.75,62,60.25,62,1593900
RCI,20130201,2.76,2.82,2.76,2.76,1540400
RCL,20130201,7.55,7.6,7.45,7.5,740100
RICH,20130201,0.55,0.57,0.55,0.57,10208900
RML,20130201,2.22,2.38,2.22,2.32,551700100
ROBINS,20130201,70,71,69.5,69.75,1141900
ROH,20130201,19,19,19,19,1100
ROJNA,20130201,13,13.1,12.8,13,3718800
RPC,20130201,1.67,1.73,1.67,1.69,6141900
RS,20130201,7.4,7.5,7.4,7.45,2117500
S&J,20130201,19.9,19.9,19.9,19.9,200
SABINA,20130201,22.9,23.1,22.9,23.1,6700
SALEE,20130201,11.5,11.7,11.3,11.5,822300
SAM,20130201,1.77,1.81,1.76,1.78,8728600
SAMART,20130201,13.6,14.5,13.6,14.3,21505100
SAMCO,20130201,2.5,2.54,2.48,2.54,224700
SAMTEL,20130201,19.1,19.4,19,19.4,2950100
SAT,20130201,34,34.25,33.5,33.75,2607000
SAUCE,20130201,31.5,31.5,31,31.25,28600
SC,20130201,30.25,30.75,30,30.5,1702400
SCB,20130201,179.5,181,178,181,7210600
SCBLIF,20130201,864,876,860,874,10150
SCC,20130201,446,448,442,446,2324000
SCCC,20130201,416,418,412,416,128600
SCG,20130201,6.7,6.75,6.6,6.6,156800
SCP,20130201,56,57.5,56,57,139100
SCSMG,20130201,20.1,20.5,20.1,20.4,34900
SE-ED,20130201,9.6,9.65,9.6,9.65,520500
SEAFCO,20130201,6.25,6.45,6.25,6.35,1817700
SENA,20130201,3.34,3.4,3.34,3.38,657500
SF,20130201,7.5,7.6,7.5,7.5,3091600
SFP,20130201,349,390,346,378,10000
SGP,20130201,13.9,14,13.8,13.8,871600
SHANG,20130201,45,45,43.5,43.5,17700
SIAM,20130201,3.1,3.12,3.08,3.12,615900
SIM,20130201,2.48,2.54,2.48,2.5,19235800
SIMAT,20130201,8.15,8.5,8.15,8.3,982600
SINGER,20130201,20.3,20.6,20.2,20.2,7951300
SIRI,20130201,4.18,4.2,4.16,4.18,30410300
SIS,20130201,8.3,8.3,8.15,8.3,64800
SITHAI,20130201,31,32.5,31,32.25,1639900
SKR,20130201,26.75,26.75,26.25,26.5,72300
SLC,20130201,1.3,1.38,1.3,1.38,17493800
SMIT,20130201,5.2,5.2,5.15,5.15,473200
SMK,20130201,378,378,378,378,300
SMM,20130201,2.22,2.24,2.2,2.22,883700
SMT,20130201,10.8,11,10.8,11,742900
SNC,20130201,25.25,25.25,24.9,25,366100
SNP,20130201,176,181,176,180,16400
SOLAR,20130201,3.36,3.42,3.36,3.42,10319200
SORKON,20130201,71,71.25,70.25,71,33000
SPACK,20130201,3.86,3.88,3.86,3.86,40700
SPALI,20130201,19,19.6,19,19.5,11273600
SPC,20130201,51.25,52,51.25,52,2800
SPCG,20130201,21,21.3,21,21.1,2130600
SPF,20130201,17.4,17.7,17.4,17.6,869200
SPI,20130201,29.25,29.25,29,29,48900
SPORT,20130201,2.9,3.04,2.9,3.04,948800
SPPT,20130201,4.08,4.1,4.08,4.08,211900
SRICHA,20130201,38.75,39,37.75,38.5,779800
SSC,20130201,235,242,235,239,39600
SSF,20130201,13,13.1,12.8,12.8,149300
SSI,20130201,0.63,0.68,0.63,0.67,1350696800
SSPF,20130201,4.94,4.94,4.94,4.94,100
SSSC,20130201,56,56.25,56,56,7800
SST,20130201,14.3,14.6,14.3,14.5,421900
SSTPF,20130201,10,10,10,10,9900
STA,20130201,18.7,18.9,18.6,18.6,5832900
STANLY,20130201,241,241,239,241,12200
STAR,20130201,1.13,1.18,1.13,1.15,2524400
STEC,20130201,28,29.5,27.75,29.25,11769000
STHAI,20130201,0.91,0.92,0.91,0.91,248100
STPI,20130201,72,75,71.75,74.25,3855300
SUC,20130201,41.75,42.75,41.75,42.25,160200
SUPER,20130201,1.62,1.64,1.61,1.61,19183100
SUSCO,20130201,3.54,3.56,3.52,3.56,11985200
SVH,20130201,221,225,221,225,400
SVI,20130201,4.02,4.06,4.02,4.04,2355100
SVOA,20130201,1.94,1.95,1.91,1.92,6621700
SWC,20130201,7.5,7.5,7.2,7.5,32300
SYMC,20130201,21.9,22.2,21.9,21.9,827100
SYNEX,20130201,5.65,5.65,5.6,5.65,252500
SYNTEC,20130201,1.28,1.32,1.27,1.31,36123300
TAPAC,20130201,4.08,4.08,4.04,4.06,836200
TASCO,20130201,47,47.5,46.75,47,128900
TBSP,20130201,140,140,140,140,400
TC,20130201,3.84,3.88,3.84,3.88,65900
TCAP,20130201,39,40,38.75,40,18986400
TCB,20130201,30.75,31.25,30.5,31,181800
TCC,20130201,2.24,2.26,2.22,2.22,5935200
TCCC,20130201,23.5,23.7,23.3,23.3,49200
TCIF,20130201,12.6,12.6,12.5,12.5,5000
TCJ,20130201,15.3,15.9,15.2,15.6,4866600
TCMC,20130201,10.1,10.4,9.95,10,2157500
TCOAT,20130201,19,19,18,18.4,57600
TCP,20130201,17.9,18,17.9,18,34700
TEAM,20130201,1.75,1.76,1.75,1.75,132500
TF,20130201,190.5,192,190.5,192,6400
TFD,20130201,5.45,6,5.45,5.9,8105900
TFI,20130201,2.1,2.18,2.1,2.14,1184600
TFUND,20130201,12.4,12.5,12.3,12.3,1306900
TGCI,20130201,4.72,4.8,4.72,4.72,2557400
TGPRO,20130201,0.8,0.86,0.8,0.86,122777300
TH,20130201,5.05,5.05,4.98,5.05,3154200
THAI,20130201,23.1,23.4,23,23.1,14162400
THANA,20130201,1.85,1.85,1.8,1.84,94800
THANI,20130201,4.88,4.96,4.88,4.88,2039700
THCOM,20130201,23.4,23.9,22.8,23.9,23998000
THIP,20130201,78.5,82,78.5,82,6100
THRE,20130201,5.25,5.45,5.2,5.35,31311200
TIC,20130201,15.6,15.7,15.6,15.7,3300
TICON,20130201,16.7,17.5,16.7,17.4,9845200
TIES,20130201,1.56,1.6,1.56,1.6,11371100
TIF1,20130201,7.5,7.55,7.5,7.55,28200
TIP,20130201,29,29.25,28.5,28.5,30500
TIPCO,20130201,5.75,5.85,5.7,5.7,1082400
TISCO,20130201,51.75,53,51.5,52.75,1700300
TIW,20130201,140,140.5,140,140,3100
TK,20130201,17.6,17.7,17.5,17.7,538700
TKS,20130201,7.1,7.15,7.05,7.05,442600
TKT,20130201,4.22,4.26,4.22,4.24,168900
TLGF,20130201,15.8,15.9,15.8,15.9,1137100
TLOGIS,20130201,12.6,12.6,12.6,12.6,76000
TLUXE,20130201,4,4.04,4,4.04,94800
TMB,20130201,2.28,2.34,2.26,2.32,251313400
TMC,20130201,8.1,8.15,8.05,8.05,1361500
TMD,20130201,184,184,182,183,3300
TMI,20130201,2.42,2.42,2.38,2.4,902000
TMILL,20130201,4.18,4.2,4.16,4.2,1537300
TMT,20130201,10.4,10.5,10.4,10.4,575200
TMW,20130201,47.5,48,47.5,48,87300
TNDT,20130201,9.25,9.45,9.25,9.3,498200
TNH,20130201,13.1,13.1,12.8,13,222100
TNITY,20130201,5.5,5.7,5.5,5.7,732400
TNL,20130201,24.5,24.8,24.5,24.8,4600
TNPC,20130201,18.8,19,18.8,19,98000
TNPF,20130201,9.5,9.55,9.5,9.55,136000
TOG,20130201,3.6,3.98,3.6,3.88,13135900
TOP,20130201,74.25,75.75,74,75.25,10496000
TOPP,20130201,109,111,108,111,1900
TPA,20130201,94.5,94.5,94,94,1500
TPAC,20130201,10.7,10.7,10.6,10.6,4500
TPC,20130201,39.25,39.25,38.5,39,115700
TPIPL,20130201,14.8,15.2,14.8,15,14936500
TPOLY,20130201,2.02,2.14,2.02,2.1,4642800
TPP,20130201,14.8,15.5,14.8,15,220300
TR,20130201,51.5,51.75,51.5,51.5,23800
TRC,20130201,8.45,8.75,8.45,8.7,6228600
TRIF,20130201,14.2,14.5,14.2,14.5,600
TRT,20130201,6.2,6.2,6.1,6.15,976700
TRU,20130201,12,12.4,11.9,12.2,2260300
TRUBB,20130201,3.34,3.38,3.32,3.34,1431000
TRUE,20130201,6.6,6.85,6.45,6.8,468428100
TSC,20130201,13.4,13.5,13.4,13.4,131900
TSF,20130201,3.98,4.12,3.98,4.12,33507700
TSI,20130201,6.55,6.7,6.55,6.55,11100
TSTE,20130201,13.9,13.9,13.6,13.7,1500
TSTH,20130201,1.14,1.19,1.14,1.16,15032000
TTA,20130201,17.8,18.1,17.8,18,4527800
TTCL,20130201,35.25,36.25,34.75,35.25,3032600
TTI,20130201,22.5,22.5,22.5,22.5,100
TTL,20130201,79.5,79.5,79.5,79.5,4200
TTLPF,20130201,20.3,20.5,20.3,20.4,10600
TTTM,20130201,140,140,140,140,4600
TTW,20130201,10.3,10.7,10.3,10.5,9068300
TU-PF,20130201,7.5,7.55,7.45,7.5,46100
TUCC,20130201,0.56,0.59,0.56,0.57,15867200
TUF,20130201,69.25,70,69,69,5294500
TVD,20130201,6.5,6.75,6.5,6.55,2493500
TVI,20130201,13.2,13.5,13.1,13.2,520000
TVO,20130201,26,26.25,25.75,26,1669000
TWFP,20130201,186.5,187,186.5,187,2700
TWP,20130201,23.3,23.5,23,23.2,101700
TWZ,20130201,0.45,0.46,0.44,0.46,21742800
TYCN,20130201,6.2,6.2,6.2,6.2,500
TYM,20130201,3.64,3.66,3.62,3.62,1223900
UAC,20130201,12.7,12.9,12.4,12.8,2572200
UBIS,20130201,5.55,5.55,5.55,5.55,100
UEC,20130201,4.4,4.44,4.36,4.4,2648600
UIC,20130201,4.42,4.46,4.42,4.44,340500
UKEM,20130201,2.26,2.28,2.24,2.26,2997600
UMI,20130201,12.9,13.2,12.9,13.1,15665800
UMS,20130201,11.8,12.1,11.8,11.8,49600
UNIQ,20130201,6.4,6.4,6.2,6.2,12658600
UOB8TF,20130201,9.9,9.9,9.9,9.9,96000
UOBAPF,20130201,2.94,2.94,2.94,2.94,1700
UOBKH,20130201,3.7,3.72,3.7,3.7,40300
UP,20130201,42.5,42.5,42.5,42.5,1000
UPF,20130201,59,59,59,59,1000
UPOIC,20130201,11.5,11.6,11.4,11.6,160500
URBNPF,20130201,4.2,4.2,4.2,4.2,19300
UT,20130201,12.8,12.9,12.8,12.9,15300
UTP,20130201,8.3,8.4,8.3,8.4,271300
UV,20130201,14.4,14.8,14.3,14.7,4930900
UVAN,20130201,97,97.75,97,97.5,18900
UWC,20130201,4.14,4.18,4.14,4.14,376900
VARO,20130201,6,6,6,6,500
VGI,20130201,118,122,117.5,117.5,2792700
VIBHA,20130201,8.45,8.5,8.4,8.5,382200
VIH,20130201,3.2,3.38,3.2,3.36,22934200
VNG,20130201,4.62,4.66,4.58,4.6,2307300
VNT,20130201,20.4,21.1,20.4,20.7,1179400
VTE,20130201,7.05,7.15,7.05,7.15,422000
WACOAL,20130201,48.5,49,48,49,71300
WAT,20130201,0.36,0.38,0.36,0.38,24744900
WAVE,20130201,18.7,19.1,18.7,19.1,35700
WG,20130201,92,93.5,92,93.5,1500
WHA,20130201,49.25,50.25,49,49,1603300
WHAPF,20130201,11.9,12.1,11.9,12.1,122600
WIIK,20130201,1.85,1.9,1.85,1.88,612000
WIN,20130201,1,1.01,0.98,1,2624300
WORK,20130201,48.5,49,48.5,48.5,285500
YCI,20130201,7.3,7.3,7.15,7.2,6000
YUASA,20130201,11.2,11.4,11.1,11.2,464000
ZMICO,20130201,1.6,1.62,1.57,1.58,11501900
SCB-P,20130201,177,177,177,177,100
VAYU1,20130201,10.5,10.52,10.44,10.51,277800
AGE-W1,20130201,3.6,3.6,3.58,3.58,52100
AMC-W1,20130201,0.84,0.9,0.84,0.88,2996200
AQUA-W2,20130201,0.67,0.67,0.62,0.63,1508700
BLAND-W3,20130201,0.83,0.9,0.83,0.89,87142600
BROOK-W4,20130201,2.18,2.22,2.14,2.16,3683700
BWG-W1,20130201,1.12,1.18,1.11,1.14,13672800
CCP-W1,20130201,5,5.35,5,5.2,614800
CEN-W3,20130201,1.89,2.04,1.87,2.04,4861100
CMO-W1,20130201,1.88,1.95,1.82,1.83,3461300
DIMET-W1,20130201,0.99,0.99,0.96,0.97,720100
E-W1,20130201,0.65,0.65,0.62,0.64,13200600
EARTH-W3,20130201,6.75,6.85,6.7,6.75,3205100
EMC-W3,20130201,0.52,0.54,0.51,0.52,5646900
EPCO-W1,20130201,1.11,1.19,1.11,1.19,9263200
FOCUS-W1,20130201,1.45,1.57,1.45,1.47,3841100
GEN-W3,20130201,0.54,0.59,0.54,0.58,225860500
GJS-W2,20130201,0.17,0.2,0.17,0.19,518798200
GL-W2,20130201,42.25,42.75,39.75,42.75,600
GOLD-W1,20130201,10.5,10.7,10.4,10.5,5131200
GSTEL-W1,20130201,0.27,0.29,0.27,0.27,112055400
IEC-W1,20130201,0.05,0.06,0.04,0.05,556027500
KMC-W2,20130201,0.28,0.29,0.27,0.27,77214400
LIVE-W1,20130201,0.45,0.47,0.4,0.46,326441500
MATCH-W2,20130201,3.96,4.08,3.96,4.04,11400
MILL-W1,20130201,1.06,1.35,1.06,1.21,630900
NEP-W2,20130201,0.74,0.78,0.74,0.76,46755200
NNCL-W2,20130201,1.11,1.12,1.1,1.1,1250900
PF-W3,20130201,0.84,0.87,0.84,0.85,6276200
PYLON-W1,20130201,2.98,2.98,2.94,2.94,345100
RML-W3,20130201,0.59,0.64,0.59,0.61,182090500
ROJNA-W2,20130201,11.1,11.1,11,11,4300
ROJNA-W3,20130201,8.3,8.4,8.2,8.25,956300
RS-W2,20130201,5.15,5.4,5.15,5.25,128900
SIMAT-W1,20130201,6.55,7,6.55,6.95,287800
SIRI-W1,20130201,3.16,3.18,3.16,3.16,8153000
SLC-W1,20130201,0.49,0.53,0.48,0.53,4757800
SLC-W2,20130201,0.23,0.25,0.22,0.25,12660500
SLC-W3,20130201,0.65,0.7,0.63,0.69,15712800
SMM-W2,20130201,1.26,1.28,1.23,1.27,114600
SPORT-W3,20130201,1.4,1.52,1.39,1.52,242500
SPORT-W4,20130201,1.28,1.34,1.28,1.34,170200
TASCO-W3,20130201,6.2,6.25,6.15,6.15,35200
TCC-W1,20130201,1.89,1.89,1.88,1.89,396600
TCC-W2,20130201,1.4,1.41,1.4,1.41,8000
TCC-W3,20130201,1.55,1.55,1.46,1.52,500
TCJ-W1,20130201,6.1,8.6,6.1,8.55,5207400
TH-W1,20130201,3.38,3.42,3.36,3.4,3485000
TICON-W3,20130201,1.33,1.44,1.33,1.42,10696900
TICON-W6,20130201,9.2,9.55,9.2,9.55,2200
TLUXE-W2,20130201,1.3,1.31,1.3,1.3,81800
TMI-W1,20130201,1.91,1.94,1.91,1.92,172200
TRUBB-W1,20130201,1.8,1.82,1.79,1.82,756900
TSF-W2,20130201,3.78,3.92,3.78,3.84,42644900
TYM-W1,20130201,0.56,0.56,0.55,0.56,1144300
UKEM-W1,20130201,1.71,1.72,1.69,1.69,554100
UWC-W1,20130201,2.9,2.92,2.86,2.92,210700
!AGRO,20130201,466.45,470.4,465.13,468.89,888747
!CONSUMP,20130201,136.57,137.86,136.43,137.63,207686
!FINCIAL,20130201,190.26,193.64,189.77,193.61,6040718
!INDUS,20130201,133.09,134.98,132.84,134.21,34595088
!PROPCON,20130201,137.85,139.51,137.8,139.2,82123363
!RESOURC,20130201,194.81,197.68,194.59,197.48,3246625
!SERVICE,20130201,319.92,324.78,319.64,324.78,12730409
!TECH,20130201,183.56,184.06,181.45,183.97,21724190
$AGRI,20130201,219.75,221.25,219.65,219.9,318498
$AUTO,20130201,563.12,568.28,561.97,566.46,133405
$BANK,20130201,567.38,578.44,565.89,578.29,4228505
$COMM,20130201,30745.1,31169,30691.5,31169,1511443
$CONMAT,20130201,11271.3,11331,11193.7,11284.8,1687165
$ENERG,20130201,22210.5,22538.3,22185.4,22515.4,3236670
$ETRON,20130201,932.07,939.28,931.33,936.66,236751
$FASHION,20130201,724.16,728.3,719.67,725.87,15015
$FIN,20130201,1519.39,1540.98,1518.69,1539.72,1414025
$FOOD,20130201,13406.3,13524.4,13364.5,13482.4,570249
$HELTH,20130201,2816.16,2856.84,2816.16,2841.08,338936
$HOME,20130201,34.31,34.97,34.31,34.88,50436
$ICT,20130201,187.3,187.75,184.94,187.68,21487439
$IMM,20130201,97.91,100.87,97.1,99.6,234381
$INSUR,20130201,13919.2,14070,13743.9,13954.9,398188
$MEDIA,20130201,95.51,98.83,95.1,98.83,5389116
$MINE,20130201,11.66,11.81,11.59,11.66,9955
$PAPER,20130201,656.76,661.04,656.76,661.04,3060
$PERSON,20130201,621.13,634.41,620.57,631.03,142235
$PETRO,20130201,1083.02,1094.38,1076,1087.67,350550
$PFUND,20130201,177.14,177.73,176.97,177.73,79470
$PKG,20130201,4201.03,4286.81,4187.62,4274.53,1132477
$PROF,20130201,112.57,114.64,111.49,111.49,1594081
$PROP,20130201,303.19,309.07,303.13,308.37,80356728
$STEEL,20130201,79.94,83.18,79.94,82.19,32741215
$TOURISM,20130201,468.4,487.3,468.16,479.54,475561
$TRANS,20130201,147.96,149.38,147.74,149.23,3421271
MAI,20130201,456.32,459.51,454.17,455.05,724344549
SET,20130201,1481.48,1499.22,1480.41,1499.22,20808166350
SET100,20130201,2203.17,2230.51,2200.93,2230.15,6073491195
SET50,20130201,993.32,1005.52,992.01,1005.09,1546178178
SETHD,20130201,1284.72,1302.63,1283.04,1302.24,238379346
BAY-F,20130201,33.5,33.75,33,33.75,178600
BBL-F,20130201,220,226,220,225,838500
CPN-F,20130201,83,84.5,83,84.5,20000
IEC-F,20130201,0.06,0.06,0.06,0.06,10000000
INTUCH-F,20130201,68.75,68.75,68.75,68.75,25000
KBANK-F,20130201,201,207,198.5,207,1620700
KTB-F,20130201,23.5,23.6,23.5,23.6,530000
LH-F,20130201,11.2,11.7,11.2,11.7,6429300
LPN-F,20130201,21.6,21.9,21.6,21.9,93500
MINT-F,20130201,22,22,22,22,2000
PTT-F,20130201,351,354,351,354,2000
SCC-F,20130201,466,468,464,466,628800
SPI-F,20130201,29,29,29,29,21000
TISCO-F,20130201,52,52.75,49.75,52.75,286600
S50Z13,20130201,989.9,1006.7,989,1004,14
ADVA01CD,20130201,0.57,0.58,0.52,0.55,64967400
ADVA01PD,20130201,1.58,1.65,1.58,1.62,382000
ADVA06CA,20130201,0.47,0.5,0.47,0.5,1977800
ADVA08CC,20130201,0.47,0.47,0.43,0.45,468100
ADVA08PB,20130201,0.78,0.84,0.78,0.83,23000
ADVA13CE,20130201,0.77,0.77,0.67,0.72,2204200
ADVA13PC,20130201,0.13,0.14,0.13,0.14,640000
ADVA23CA,20130201,0.92,0.92,0.9,0.92,90000
ADVA28CA,20130201,0.17,0.17,0.13,0.15,35101800
ADVA28PA,20130201,0.56,0.56,0.56,0.56,20000
ADVA42CC,20130201,0.49,0.49,0.46,0.49,222000
ADVANCH13,20130201,208.11,210,207.5,210,14
ADVANCM13,20130201,210.49,210.49,210.49,210.49,1
AOT01CD,20130201,1.38,1.44,1.36,1.4,9891600
AOT01PD,20130201,1.44,1.44,1.42,1.43,418000
AOT13CD,20130201,2.56,2.6,2.56,2.6,10100
AOT28CA,20130201,1.86,1.91,1.86,1.91,4900
AOT28CB,20130201,0.51,0.52,0.5,0.52,618600
AOT42CC,20130201,2.66,2.72,2.64,2.64,4700
BANP01CD,20130201,0.2,0.23,0.19,0.19,10296200
BANP08CD,20130201,0.65,0.67,0.65,0.65,606000
BANP13CG,20130201,0.21,0.21,0.21,0.21,1023800
BANP13PC,20130201,1.07,1.07,1.07,1.07,500000
BANP16CA,20130201,0.14,0.14,0.12,0.13,951500
BANP18CC,20130201,0.27,0.28,0.27,0.27,800200
BANP28CA,20130201,0.79,0.84,0.79,0.79,4603300
BANP42CE,20130201,0.29,0.3,0.29,0.3,45000
BANPUH13,20130201,393,393,393,393,1
BAY01CD,20130201,0.37,0.38,0.35,0.37,14559600
BAY01PD,20130201,1.14,1.19,1.14,1.17,1612000
BAY13CD,20130201,0.39,0.39,0.39,0.39,303000
BAY16CA,20130201,0.56,0.56,0.56,0.56,700000
BAY28CA,20130201,0.35,0.35,0.33,0.34,4050000
BAY42CD,20130201,0.33,0.34,0.33,0.34,46800
BAYH13,20130201,33.01,33.5,33.01,33.5,4
BBL06CC,20130201,1.25,1.29,1.25,1.29,157300
BBL06PC,20130201,1,1,0.94,0.94,545000
BBL08PC,20130201,0.51,0.51,0.47,0.48,778000
BBL13CD,20130201,1.1,1.16,1.1,1.16,148600
BBL13PC,20130201,1.03,1.03,0.97,0.97,1178800
BBL18CC,20130201,1.35,1.35,1.34,1.35,309500
BBL28CA,20130201,1.34,1.34,1.34,1.34,10000
BBL42CE,20130201,0.56,0.56,0.55,0.56,29500
BBLH13,20130201,207,214.43,207,214,36
BBLM13,20130201,210,210,210,210,1
BCP01CD,20130201,0.92,0.98,0.91,0.98,1809000
BCP01PD,20130201,0.3,0.31,0.28,0.28,6027900
BCP08CC,20130201,2,2.08,2,2.08,80000
BCP13CB,20130201,0.8,0.82,0.8,0.82,2014000
BCP28CA,20130201,0.53,0.55,0.53,0.55,29400
BEC01CB,20130201,1.16,1.27,1.16,1.27,721400
BGH01CB,20130201,1.33,1.38,1.33,1.36,1305700
BGH01PB,20130201,0.18,0.18,0.15,0.15,488000
BGH06CA,20130201,2.3,2.34,2.3,2.34,179300
BGH08CC,20130201,1.12,1.17,1.12,1.16,1835500
BGH13CD,20130201,1.88,1.95,1.88,1.95,1056600
BGH13CE,20130201,1.1,1.14,1.1,1.14,900200
BGH28CA,20130201,0.92,0.95,0.92,0.94,851400
BH01CB,20130201,0.8,0.87,0.8,0.84,3374100
BH13CC,20130201,0.25,0.25,0.25,0.25,49600
BH42CA,20130201,0.77,0.77,0.76,0.77,802000
BIGC01CC,20130201,0.89,0.92,0.87,0.91,2747400
BIGC01PA,20130201,0.34,0.34,0.34,0.34,230000
BIGC08CC,20130201,1.41,1.43,1.41,1.43,1100
BJC01CC,20130201,1.41,1.7,1.41,1.7,183500900
BJC01PB,20130201,1.04,1.04,0.87,0.89,10170800
BJC06CB,20130201,1.47,1.76,1.47,1.76,5452000
BJC06PB,20130201,0.61,0.61,0.48,0.48,6562000
BJC08CB,20130201,1,1.24,0.99,1.24,2124200
BJC13CB,20130201,2.46,2.82,2.46,2.82,6918600
BJC13CC,20130201,1.28,1.54,1.27,1.52,105359900
BJC28CA,20130201,1.13,1.38,1.13,1.38,3213100
BJC28CB,20130201,0.88,1.15,0.88,1.15,65071500
BJC42CB,20130201,1.6,1.94,1.6,1.94,5149000
BJC42PA,20130201,0.79,0.79,0.7,0.7,757000
BLA01CC,20130201,1.39,1.45,1.31,1.36,1466200
BLA01PB,20130201,0.01,0.01,0.01,0.01,410000
BLA13CD,20130201,1.68,1.72,1.55,1.66,8398000
BLA13PC,20130201,0.13,0.13,0.13,0.13,200000
BLA42CA,20130201,1.3,1.31,1.3,1.31,4000
BLAND-W2,20130201,0.17,0.2,0.16,0.2,933132900
BRF13,20130201,3299,3305,3292,3292,50
BRG13,20130201,3448,3475,3448,3475,324
BRH13,20130201,3425,3453,3425,3453,63
BRJ13,20130201,3415,3420,3415,3420,2
BRX12,20130201,3380,3415,3380,3402,206
BRZ12,20130201,3332,3350,3328,3340,96
BTS-W2,20130201,0.57,0.59,0.57,0.59,287965500
BTS01CB,20130201,0.73,0.77,0.73,0.75,13321200
BTS01PA,20130201,0.25,0.25,0.24,0.24,250000
BTS08CA,20130201,1.38,1.39,1.38,1.39,201000
BTS13CC,20130201,0.8,0.8,0.8,0.8,2000
BTS42PA,20130201,0.29,0.29,0.29,0.29,80000
BTSH13X,20130201,7.9,8,7.9,8,547
BTSU13,20130201,8.04,8.1,8.04,8.1,301
CGD-W2,20130201,0.28,0.3,0.28,0.29,22012600
CPAL01CD,20130201,1.12,1.14,1.12,1.13,2002900
CPAL01PD,20130201,0.38,0.38,0.38,0.38,10000
CPAL13CD,20130201,0.86,0.88,0.86,0.88,2025400
CPAL28CA,20130201,0.66,0.66,0.66,0.66,122900
CPAL28CB,20130201,0.43,0.43,0.42,0.42,5389000
CPALLH13X,20130201,47.5,47.5,47.5,47.5,1
CPF01CD,20130201,0.46,0.49,0.45,0.48,5378700
CPF01PD,20130201,0.99,1,0.96,0.96,940400
CPF08CF,20130201,0.48,0.48,0.48,0.48,20000
CPF08PC,20130201,0.5,0.5,0.48,0.48,20000
CPF13CC,20130201,0.3,0.3,0.3,0.3,30500
CPF16CB,20130201,0.49,0.49,0.49,0.49,300
CPF18CB,20130201,0.35,0.36,0.35,0.36,145000
CPF28CA,20130201,0.21,0.22,0.21,0.22,1400000
CPF42CD,20130201,0.5,0.52,0.5,0.52,65000
CPFH13,20130201,35.75,35.8,35.75,35.8,2
CPN01CA,20130201,1.8,1.82,1.79,1.82,72100
CPN01PA,20130201,0.74,0.74,0.74,0.74,40000
CPN08CC,20130201,1.18,1.2,1.18,1.2,5100
CPN13CB,20130201,1.37,1.41,1.37,1.41,100000
CPN42CC,20130201,2.06,2.08,2.04,2.04,280200
CSP-W1,20130201,0.32,0.33,0.31,0.32,3673500
DCC08CA,20130201,1.47,1.48,1.47,1.48,21300
DCC13CC,20130201,0.95,0.95,0.95,0.95,5000
DELT06CA,20130201,1.71,1.72,1.69,1.7,15600
DELT13CC,20130201,1.46,1.46,1.45,1.45,437500
DTAC01CD,20130201,0.79,0.82,0.79,0.82,2146500
DTAC01PD,20130201,1.76,1.78,1.73,1.73,130100
DTAC06CB,20130201,1.3,1.31,1.3,1.31,1200
DTAC08CE,20130201,0.97,0.97,0.97,0.97,1400
DTAC18CA,20130201,0.55,0.55,0.55,0.55,10000
DTAC28CA,20130201,0.61,0.63,0.6,0.62,1100100
DTAC42CC,20130201,0.87,0.88,0.87,0.88,2200
DTACH13,20130201,87,87.95,87,87.45,6
ECL-W1,20130201,0.52,0.53,0.51,0.52,7590100
EGCO01CB,20130201,1.3,1.31,1.3,1.3,69200
ERW-W2,20130201,2.14,2.24,2.14,2.16,25908200
ESSO01CD,20130201,0.53,0.57,0.53,0.57,8830600
ESSO13CD,20130201,0.27,0.28,0.27,0.27,6861100
ESSO18CC,20130201,0.29,0.3,0.29,0.29,1509900
ESSO28CA,20130201,0.27,0.27,0.27,0.27,30000
ESSO42CC,20130201,0.77,0.79,0.77,0.79,67000
ESSO42PB,20130201,0.3,0.3,0.3,0.3,40000
GF10G13,20130201,23640,23830,23600,23710,5551
GF10J13,20130201,23790,23970,23730,23850,2376
GF10M13,20130201,23910,24080,23870,23970,523
GF10Z12,20130201,24130,24230,24110,24150,4296
GFG13,20130201,23640,23840,23600,23720,2297
GFJ13,20130201,23780,23980,23730,23840,606
GFM13,20130201,23900,24080,23870,23970,460
GFZ12,20130201,24110,24230,24110,24150,2154
GLOBAL-W,20130201,19.8,20.7,19.8,20.4,689900
GLOW01CB,20130201,0.99,1.02,0.98,1,407000
HEMR01CB,20130201,0.77,0.77,0.73,0.73,2566100
HMPR01CC,20130201,1.09,1.09,1.07,1.07,1083600
HMPR01PB,20130201,0.29,0.29,0.28,0.28,149800
HMPR08CB,20130201,1.25,1.3,1.25,1.26,20200
HMPR13CD,20130201,0.91,0.91,0.91,0.91,800000
HMPR28CA,20130201,0.35,0.35,0.35,0.35,50000
HMPROH13X,20130201,13.9,13.9,13.9,13.9,1
INTU01CB,20130201,0.77,0.78,0.77,0.77,3076000
INTU01PB,20130201,1.95,1.95,1.95,1.95,10000
INTU06CA,20130201,1.11,1.11,1.11,1.11,49000
INTU16CA,20130201,0.78,0.78,0.78,0.78,35000
INTU28CA,20130201,0.69,0.7,0.69,0.7,1155000
INTU42CA,20130201,1.06,1.07,1.06,1.07,130000
IRPC01CD,20130201,0.7,0.75,0.69,0.73,16044600
IRPC13CD,20130201,0.88,0.97,0.87,0.95,7114000
IRPC28CA,20130201,0.55,0.59,0.54,0.59,450000
IRPC42CD,20130201,0.71,0.76,0.71,0.73,499200
IRPCH13,20130201,4.42,4.6,4.4,4.59,1016
ITDH13,20130201,6.04,6.21,6.04,6.15,3592
ITDM13,20130201,6.14,6.22,6.14,6.2,11
IVL01CG,20130201,1.12,1.19,1.12,1.16,11134700
IVL01PF,20130201,1.35,1.36,1.33,1.35,2212300
IVL06CB,20130201,0.36,0.4,0.36,0.39,292100
IVL08CE,20130201,0.38,0.39,0.38,0.39,1330000
IVL13CF,20130201,0.08,0.09,0.07,0.07,643700
IVL13PD,20130201,0.85,0.85,0.85,0.85,5500
IVL16CA,20130201,0.11,0.12,0.11,0.12,150000
IVL18CE,20130201,0.1,0.11,0.1,0.11,4637500
IVL28CA,20130201,0.2,0.21,0.2,0.21,520200
IVL28CB,20130201,0.11,0.12,0.11,0.12,140100
IVL42CD,20130201,0.41,0.43,0.4,0.42,3565000
IVL42PB,20130201,1.35,1.35,1.31,1.31,700000
IVLH13,20130201,26.8,27.25,26.5,27.25,35
IVLM13,20130201,27.79,27.79,27.79,27.79,1
JAS01CA,20130201,0.53,0.55,0.53,0.54,2526300
JAS01PA,20130201,0.58,0.59,0.58,0.58,84000
JAS13CA,20130201,0.53,0.56,0.53,0.54,22299200
JAS28CA,20130201,0.41,0.42,0.4,0.42,24104000
JMART-W1,20130201,11.2,12,11.2,12,3900
KBAN01CD,20130201,0.77,0.87,0.77,0.86,14884800
KBAN01PD,20130201,1.31,1.31,1.24,1.24,661000
KBAN08CD,20130201,1.18,1.18,1.18,1.18,400
KBAN08PB,20130201,0.81,0.81,0.71,0.71,645500
KBAN13CF,20130201,1.1,1.24,1.1,1.24,8208700
KBAN13CG,20130201,1.43,1.45,1.43,1.45,110600
KBAN28CA,20130201,0.95,1.03,0.95,1.03,3302100
KBAN28CB,20130201,0.27,0.33,0.27,0.33,2225900
KBAN42CE,20130201,0.46,0.48,0.46,0.48,43800
KBANKH13,20130201,198.5,205,198.5,205,58
KBANKM13,20130201,203,203,203,203,1
KK01CB,20130201,0.52,0.58,0.52,0.58,1471500
KSL-W1,20130201,3.62,3.8,3.62,3.74,1500200
KTB01CE,20130201,1.09,1.18,1.09,1.18,8062800
KTB01PD,20130201,0.74,0.74,0.68,0.68,839100
KTB13CE,20130201,1.24,1.31,1.22,1.31,9601100
KTB28CA,20130201,0.92,1.02,0.92,1.02,700200
KTB42CD,20130201,0.84,0.86,0.84,0.86,400000
KTBH13X,20130201,23.06,23.85,23.06,23.85,3641
KTBM13X,20130201,23,23.79,22.97,23.79,960
KTBU13,20130201,23.12,23.7,23.12,23.65,520
LEE-W2,20130201,1,1.01,1,1,1329500
LH01CD,20130201,1.04,1.12,1.04,1.1,821900
LH01PD,20130201,0.17,0.17,0.14,0.14,1762000
LH06CB,20130201,1.4,1.4,1.4,1.4,10000
LH08CB,20130201,1.44,1.52,1.44,1.52,28100
LH13CC,20130201,1.05,1.07,1.05,1.07,300
LH28CA,20130201,0.29,0.3,0.29,0.29,50100
LHH13,20130201,11.4,11.53,11.3,11.5,86
LL-W1,20130201,0.23,0.24,0.23,0.24,10321700
MAKR01CA,20130201,1.39,1.39,1.39,1.39,14300
MAKR06CA,20130201,0.89,0.94,0.88,0.93,151200
MINT-W4,20130201,10.6,10.8,10.4,10.4,1126900
MINT01CB,20130201,0.72,0.74,0.7,0.71,3231000
MINT01PA,20130201,0.8,0.82,0.8,0.82,1100000
MINT13CB,20130201,0.8,0.8,0.8,0.8,1000000
MJD-W1,20130201,1.01,1.03,1,1.01,1567100
PS01CC,20130201,1.86,2,1.86,1.97,4121600
PS01PB,20130201,0.11,0.12,0.11,0.11,4238500
PS28CB,20130201,0.42,0.42,0.4,0.4,2147600
PSH13,20130201,29.9,29.9,29.9,29.9,1
PTT01CD,20130201,0.76,0.84,0.75,0.83,29823900
PTT01PD,20130201,1.06,1.06,0.95,0.95,1303000
PTT06PC,20130201,0.56,0.56,0.56,0.56,51000
PTT08CE,20130201,0.45,0.54,0.45,0.54,759700
PTT08PC,20130201,0.68,0.69,0.63,0.63,40000
PTT13CH,20130201,1.03,1.1,1.03,1.1,315100
PTT13PC,20130201,0.27,0.27,0.24,0.24,3810000
PTT16CA,20130201,0.88,0.88,0.88,0.88,10000
PTT18CD,20130201,0.82,0.83,0.82,0.82,104000
PTT28CA,20130201,0.96,0.96,0.96,0.96,30000
PTT28CB,20130201,0.53,0.6,0.53,0.6,3928500
PTT42CE,20130201,1.12,1.21,1.12,1.21,700300
PTT42PB,20130201,0.79,0.79,0.79,0.79,50000
PTTE01CE,20130201,1.14,1.17,1.13,1.14,5721400
PTTE01PE,20130201,0.98,0.99,0.97,0.97,773000
PTTE08CE,20130201,1.27,1.28,1.25,1.28,170500
PTTE13CF,20130201,0.32,0.34,0.32,0.33,1074800
PTTE13PB,20130201,0.29,0.29,0.29,0.29,500000
PTTE18CB,20130201,0.77,0.79,0.76,0.78,237500
PTTE18PB,20130201,0.34,0.34,0.34,0.34,42000
PTTE28CA,20130201,0.58,0.6,0.57,0.6,8013200
PTTE42CE,20130201,1.07,1.07,1.06,1.07,103800
PTTE42PB,20130201,0.96,0.96,0.96,0.96,5000
PTTEPH13,20130201,168,168,165.85,167.9,114
PTTEPM13,20130201,170.32,170.99,170.32,170.45,3
PTTEPU13,20130201,168.63,168.63,168.4,168.4,25
PTTG01CC,20130201,1.35,1.39,1.32,1.38,20424500
PTTG01PC,20130201,0.16,0.17,0.13,0.13,1348100
PTTG08PB,20130201,0.38,0.39,0.38,0.39,8000
PTTG13CC,20130201,1.62,1.62,1.61,1.62,6420000
PTTG13PC,20130201,0.69,0.69,0.69,0.69,5000
PTTG18CB,20130201,1,1.04,0.99,1.04,2093600
PTTG23CA,20130201,1.46,1.48,1.46,1.48,150000
PTTG28CB,20130201,1.04,1.06,1.03,1.06,112000
PTTH13,20130201,346.99,355,346,353,66
PTTM13,20130201,355,355,355,355,1
PTTU13,20130201,359.99,360.9,357.84,357.84,14
QHH13X,20130201,3.15,3.25,3.14,3.23,1220
QHM13,20130201,3.22,3.22,3.22,3.22,1112
ROBI01CA,20130201,0.86,0.89,0.84,0.84,763100
ROBI13CB,20130201,1.15,1.18,1.13,1.13,1733000
S50G13,20130201,991,1006.8,990.1,1005.9,326
S50H13,20130201,991.3,1006.6,989.7,1005.3,20528
S50M13,20130201,989.5,1005.6,986,1004.8,1473
S50U13,20130201,990.4,1004.9,988,1004.9,76
SCB01CD,20130201,0.91,0.94,0.91,0.94,6272600
SCB01PC,20130201,1.37,1.37,1.33,1.33,201100
SCB13CD,20130201,1.25,1.28,1.25,1.28,168000
SCB13PC,20130201,0.11,0.11,0.11,0.11,100000
SCB28CA,20130201,0.69,0.73,0.68,0.73,1378100
SCB42CD,20130201,1.04,1.04,1.04,1.04,100
SCBH13,20130201,180,180,180,180,4
SCC01CD,20130201,1.84,1.86,1.81,1.82,5799400
SCC01PD,20130201,0.05,0.05,0.05,0.05,130000
SCC08CD,20130201,2.36,2.36,2.32,2.32,18000
SCC08PC,20130201,0.16,0.16,0.15,0.15,831100
SCC13CE,20130201,1.4,1.4,1.38,1.38,801000
SCC42CD,20130201,0.6,0.61,0.59,0.59,5444000
SCCC13CA,20130201,0.91,0.94,0.9,0.91,93200
SCCH13,20130201,445.1,450,445.01,450,3
SCCM13,20130201,445.01,445.01,445,445,2
SPAL01CC,20130201,0.58,0.62,0.58,0.62,896200
SPCG-W1,20130201,17.3,17.4,17.1,17.2,221200
STA13CE,20130201,0.83,0.87,0.83,0.84,4297500
STAH13,20130201,19.01,19.11,18.9,19,415
STAU13,20130201,19.14,19.36,19.14,19.36,200
SVG13,20130201,944,944,944,944,15
SVZ12,20130201,919,920,918,918,4
TAPAC-W1,20130201,1.6,1.6,1.59,1.6,503800
TCAP01CC,20130201,1.15,1.27,1.15,1.26,4067300
TCAP01PB,20130201,0.19,0.19,0.16,0.16,240000
TCAP06CA,20130201,0.95,1.55,0.95,1.55,1732000
TCAP08CD,20130201,1.01,1.13,1.01,1.13,2438600
TCAP08PB,20130201,0.62,0.62,0.59,0.59,22000
TCAP13CE,20130201,0.62,0.69,0.62,0.67,2360000
TCAP18CA,20130201,0.52,0.54,0.52,0.54,1100000
TCAP28CA,20130201,0.31,0.35,0.31,0.35,823000
TCAP42CC,20130201,0.7,0.73,0.7,0.73,155000
TCAPH13,20130201,39.1,40.25,39.1,40.11,12
TCAPM13,20130201,39,39,39,39,10
TCAPU13,20130201,41.5,41.5,41.5,41.5,350
TFD-W1,20130201,4.5,4.96,4.48,4.9,1683200
THAI01CE,20130201,0.7,0.72,0.69,0.7,6240800
THAI01PD,20130201,0.78,0.78,0.77,0.78,2508100
THAI13CD,20130201,0.69,0.72,0.69,0.69,895300
THAI18CC,20130201,0.48,0.48,0.48,0.48,25000
THAI28CA,20130201,0.55,0.57,0.55,0.55,5295000
THAI42CC,20130201,1.24,1.24,1.24,1.24,100000
THAIH13,20130201,23.4,23.4,23.2,23.2,5
TISC01CC,20130201,0.82,0.85,0.82,0.85,370500
TISC08CB,20130201,1.44,1.45,1.44,1.45,40000
TISC13CB,20130201,0.79,0.81,0.79,0.81,1100000
TMB01CB,20130201,1.87,1.99,1.87,1.94,1680400
TMB28CA,20130201,0.31,0.33,0.31,0.33,3181000
TMBH13,20130201,2.28,2.34,2.28,2.34,1981
TOP01CD,20130201,0.98,1.03,0.98,1.02,5304900
TOP01PD,20130201,1.11,1.11,1.05,1.06,351600
TOP08CE,20130201,1.21,1.27,1.21,1.25,1299800
TOP08PB,20130201,0.56,0.56,0.53,0.53,37800
TOP13CE,20130201,0.83,0.87,0.83,0.86,4302000
TOP16CA,20130201,1.05,1.05,1.05,1.05,10000
TOP28CA,20130201,0.91,0.94,0.91,0.94,2020000
TOP42CD,20130201,1.36,1.37,1.36,1.37,700200
TOPH13,20130201,74.4,75.75,74.4,75.75,9
TOPM13,20130201,76.25,76.25,76.25,76.25,1
TPIP01CC,20130201,0.64,0.68,0.64,0.67,2905800
TPIP01CD,20130201,0.49,0.52,0.49,0.52,1744600
TPIP01PB,20130201,0.66,0.66,0.62,0.62,1370000
TPIP08CB,20130201,1.04,1.08,1.04,1.08,100000
TPIP13CC,20130201,0.57,0.57,0.56,0.56,958000
TPIP13CD,20130201,0.56,0.59,0.56,0.59,2820000
TPIP28CA,20130201,0.35,0.35,0.35,0.35,10000
TPIP42CA,20130201,0.36,0.36,0.36,0.36,100000
TPOLY-W1,20130201,0.66,0.72,0.66,0.69,4315400
TRUE01CE,20130201,1.33,1.44,1.27,1.39,39641400
TRUE01PE,20130201,0.4,0.42,0.36,0.37,6974000
TRUE06CA,20130201,2.44,2.62,2.36,2.62,1942100
TRUE06PA,20130201,0.39,0.42,0.36,0.36,500000
TRUE08CD,20130201,1.63,1.81,1.51,1.75,3374400
TRUE08PB,20130201,0.52,0.55,0.47,0.47,1699000
TRUE13CE,20130201,0.59,0.63,0.55,0.6,34283000
TRUE13PB,20130201,0.14,0.15,0.13,0.13,312000
TRUE16CA,20130201,0.41,0.44,0.37,0.44,6122200
TRUE18CD,20130201,1.53,1.61,1.46,1.58,4501700
TRUE28CA,20130201,0.49,0.53,0.46,0.52,28067800
TRUE28CB,20130201,1.81,1.94,1.74,1.94,410500
TRUE42CB,20130201,0.99,1.06,0.95,1.04,2700000
TRUEH13,20130201,6.68,6.95,6.5,6.8,2362
TRUEM13,20130201,6.7,6.8,6.6,6.61,33
TTAH13,20130201,18.2,18.3,18.2,18.29,10
TUF01CC,20130201,0.56,0.59,0.56,0.56,2967600
TUF01PB,20130201,1.49,1.49,1.49,1.49,1000
TUF08CE,20130201,1.01,1.04,1,1,40400
TUF13CC,20130201,0.8,0.8,0.8,0.8,100
TUF16CA,20130201,0.51,0.52,0.5,0.52,135000
TUFH13X,20130201,69.5,69.75,69.5,69.75,2
USDG13,20130201,29.92,29.94,29.88,29.89,355
USDH13,20130201,29.96,30,29.93,29.95,78
USDJ13,20130201,30.01,30.01,30,30.01,50
USDM13,20130201,30.1,30.12,30.06,30.06,62
